best_hyperparams:
  C: '0.1'
  gamma: auto
  kernel: rbf
best_metrics:
  std_test_accuracy: 0.07754904185469141
  std_train_accuracy: 0.007802107571160213
  test_accuracy: 0.5733744931241563
  test_f1: 0.4914796797283411
  test_precision: 0.7038231477458485
  test_recall: 0.5733744931241563
  train_accuracy: 0.8523307194049985
  train_f1: 0.8509386770132602
  train_precision: 0.8551462640709161
  train_recall: 0.8523307194049985
model_name: SVM
num_folds: 50
timestamp: '2025-11-02T14:40:44.265486'
total_tasks: 150
