best_hyperparams:
  learning_rate: '0.2'
  max_depth: '9'
  n_estimators: '100'
  subsample: '0.7'
best_metrics:
  std_test_accuracy: 0.09099730340365796
  std_train_accuracy: 5.8861686815489936e-05
  test_accuracy: 0.6754400701772176
  test_f1: 0.6719493669216992
  test_precision: 0.689285622121387
  test_recall: 0.6754400701772176
  train_accuracy: 0.9999405184000328
  train_f1: 0.9999405177539391
  train_precision: 0.9999405292960445
  train_recall: 0.9999405184000328
model_name: XGBoost
num_folds: 50
timestamp: '2025-11-03T15:29:20.882296'
total_tasks: 150
