best_hyperparams:
  C: '0.1'
  gamma: auto
  kernel: linear
best_metrics:
  std_test_accuracy: 0.14070430628843156
  std_train_accuracy: 0.005583443449229461
  test_accuracy: 0.7475834114427287
  test_f1: 0.7282594756358443
  test_precision: 0.782493497635066
  test_recall: 0.7475834114427287
  train_accuracy: 0.7935994070606072
  train_f1: 0.7892020893810424
  train_precision: 0.8024569430682511
  train_recall: 0.7935994070606072
model_name: SVM
num_folds: 50
timestamp: '2025-11-03T15:51:14.217075'
total_tasks: 150
