best_hyperparams:
  C: '0.1'
  gamma: auto
  kernel: linear
best_metrics:
  std_test_accuracy: 0.09028970729731667
  std_train_accuracy: 0.01046105697663868
  test_accuracy: 0.7106824022119516
  test_f1: 0.6999886748613511
  test_precision: 0.741226883377887
  test_recall: 0.7106824022119516
  train_accuracy: 0.7986656023108237
  train_f1: 0.7942312768539713
  train_precision: 0.8074030975751256
  train_recall: 0.7986656023108237
model_name: SVM
num_folds: 12
timestamp: '2025-11-01T07:00:07.629621'
total_tasks: 36
