best_hyperparams:
  metric: euclidean
  n_neighbors: 15
  weights: uniform
best_metrics:
  std_test_accuracy: 0.0
  std_train_accuracy: 0.0
  test_accuracy: 0.5343868890839918
  test_f1: 0.5463356248513057
  test_precision: 0.6054409778816512
  test_recall: 0.5343868890839918
  train_accuracy: 0.6426681367144432
  train_f1: 0.6530439155611273
  train_precision: 0.70015996892041
  train_recall: 0.6426681367144432
model_name: KNN
num_folds: 1
timestamp: '2025-11-01T02:44:26.963235'
total_tasks: 3
