best_hyperparams:
  learning_rate: '0.2'
  max_depth: '9'
  n_estimators: '100'
  subsample: '0.7'
best_metrics:
  std_test_accuracy: 0.0905864999336545
  std_train_accuracy: 5.5020280368958334e-05
  test_accuracy: 0.6643932544564032
  test_f1: 0.6582103197446408
  test_precision: 0.6809952004857386
  test_recall: 0.6643932544564032
  train_accuracy: 0.9999443938101699
  train_f1: 0.9999443931795607
  train_precision: 0.9999444049320468
  train_recall: 0.9999443938101699
model_name: XGBoost
num_folds: 12
timestamp: '2025-11-01T07:00:07.626822'
total_tasks: 36
